6682.24
6677.97
6671.66
6663.32
6652.95
6640.55
6626.13
6609.69
6591.24
6570.78
6548.32
6523.86
6497.42
6469
6438.6
6406.25
6371.94
6335.7
6297.52
6257.43
6215.43
6171.53
6125.76
6078.12
6028.63
5977.3
5924.15
5869.2
5812.46
5753.95
5693.68
5631.69
5567.97
5502.56
5435.48
5366.73
5296.36
5224.37
5150.79
5075.64
4998.94
4920.72
4841
4759.81
4677.17
4593.1
4507.64
4420.8
4332.61
4243.11
4152.31
4060.24
3966.95
3872.44
3776.75
3679.91
3581.95
3482.9
3382.79
3281.65
3179.51
3076.4
2972.35
2867.4
2761.57
2654.91
2547.43
2439.18
2330.19
2220.48
2110.1
1999.08
1887.45
1775.24
1662.49
1549.24
1435.51
1321.35
1206.78
1091.85
976.581
861.017
745.191
629.138
512.894
396.493
279.971
163.364
46.7074
-69.9635
-186.613
-303.206
-419.706
-536.079
-652.288
-768.299
-884.075
-999.582
-1114.79
-1229.65
-1344.14
-1458.22
-1571.85
-1685.01
-1797.65
-1909.75
-2021.26
-2132.16
-2242.41
-2351.97
-2460.82
-2568.92
-2676.24
-2782.74
-2888.39
-2993.17
-3097.03
-3199.95
-3301.89
-3402.83
-3502.73
-3601.57
-3699.31
-3795.92
-3891.37
-3985.64
-4078.7
-4170.51
-4261.05
-4350.3
-4438.22
-4524.78
-4609.97
-4693.76
-4776.11
-4857.01
-4936.43
-5014.35
-5090.74
-5165.58
-5238.85
-5310.52
-5380.57
-5448.98
-5515.74
-5580.81
-5644.18
-5705.84
-5765.75
-5823.91
-5880.3
-5934.89
-5987.68
-6038.64
-6087.76
-6135.03
-6180.43
-6223.95
-6265.57
-6305.29
-6343.08
-6378.94
-6412.86
-6444.82
-6474.82
-6502.85
-6528.9
-6552.95
-6575.02
-6595.08
-6613.13
-6629.16
-6643.18
-6655.18
-6665.14
-6673.08
-6678.98
-6682.85
-6684.68
-6684.48
-6682.24
-6677.97
-6671.66
-6663.32
-6652.95
-6640.55
-6626.13
-6609.69
-6591.24
-6570.78
-6548.32
-6523.86
-6497.42
-6469
-6438.6
-6406.25
-6371.94
-6335.7
-6297.52
-6257.43
-6215.43
-6171.53
-6125.76
-6078.12
-6028.63
-5977.3
-5924.15
-5869.2
-5812.46
-5753.95
-5693.68
-5631.69
-5567.97
-5502.56
-5435.48
-5366.73
-5296.36
-5224.37
-5150.79
-5075.64
-4998.94
-4920.72
-4841
-4759.81
-4677.17
-4593.1
-4507.64
-4420.8
-4332.61
-4243.11
-4152.31
-4060.24
-3966.95
-3872.44
-3776.75
-3679.91
-3581.95
-3482.9
-3382.79
-3281.65
-3179.51
-3076.4
-2972.35
-2867.4
-2761.57
-2654.91
-2547.43
-2439.18
-2330.19
-2220.48
-2110.1
-1999.08
-1887.45
-1775.24
-1662.49
-1549.24
-1435.51
-1321.35
-1206.78
-1091.85
-976.581
-861.017
-745.191
-629.138
-512.894
-396.493
-279.971
-163.364
-46.7074
69.9635
186.613
303.206
419.706
536.079
652.288
768.299
884.075
999.582
1114.79
1229.65
1344.14
1458.22
1571.85
1685.01
1797.65
1909.75
2021.26
2132.16
2242.41
2351.97
2460.82
2568.92
2676.24
2782.74
2888.39
2993.17
3097.03
3199.95
3301.89
3402.83
3502.73
3601.57
3699.31
3795.92
3891.37
3985.64
4078.7
4170.51
4261.05
4350.3
4438.22
4524.78
4609.97
4693.76
4776.11
4857.01
4936.43
5014.35
5090.74
5165.58
5238.85
5310.52
5380.57
5448.98
5515.74
5580.81
5644.18
5705.84
5765.75
5823.91
5880.3
5934.89
5987.68
6038.64
6087.76
6135.03
6180.43
6223.95
6265.57
6305.29
6343.08
6378.94
6412.86
6444.82
6474.82
6502.85
6528.9
6552.95
6575.02
6595.08
6613.13
6629.16
6643.18
6655.18
6665.14
6673.08
6678.98
6682.85
6684.68
6684.48
